318 582
1 1.00000000000000e+02 1.50000000000000e+02 0.00000000000000e+00
2 1.00000000000000e+02 1.48906331114708e+02 -1.80805020382982e+01
3 1.00000000000000e+02 1.45641272613908e+02 -3.58973496431332e+01
4 1.00000000000000e+02 1.40252436402812e+02 -5.31907330563797e+01
5 1.00000000000000e+02 1.32818403847982e+02 -6.97084758065644e+01
6 1.00000000000000e+02 1.23447579884049e+02 -8.52097120096724e+01
7 1.00000000000000e+02 1.12276612225666e+02 -9.94683987361182e+01
8 1.00000000000000e+02 9.94683987361206e+01 -1.12276612225664e+02
9 1.00000000000000e+02 8.52097120096750e+01 -1.23447579884047e+02
10 1.00000000000000e+02 6.97084758065673e+01 -1.32818403847980e+02
11 1.00000000000000e+02 5.31907330563827e+01 -1.40252436402811e+02
12 1.00000000000000e+02 3.58973496431364e+01 -1.45641272613907e+02
13 1.00000000000000e+02 1.80805020383016e+01 -1.48906331114708e+02
14 1.00000000000000e+02 3.50638737856285e-12 -1.50000000000000e+02
15 1.00000000000000e+02 -1.80805020382946e+01 -1.48906331114709e+02
16 1.00000000000000e+02 -3.58973496431296e+01 -1.45641272613909e+02
17 1.00000000000000e+02 -5.31907330563761e+01 -1.40252436402814e+02
18 1.00000000000000e+02 -6.97084758065613e+01 -1.32818403847984e+02
19 1.00000000000000e+02 -8.52097120096695e+01 -1.23447579884051e+02
20 1.00000000000000e+02 -9.94683987361158e+01 -1.12276612225668e+02
21 1.00000000000000e+02 -1.12276612225662e+02 -9.94683987361228e+01
22 1.00000000000000e+02 -1.23447579884046e+02 -8.52097120096773e+01
23 1.00000000000000e+02 -1.32818403847979e+02 -6.97084758065696e+01
24 1.00000000000000e+02 -1.40252436402811e+02 -5.31907330563849e+01
25 1.00000000000000e+02 -1.45641272613907e+02 -3.58973496431383e+01
26 1.00000000000000e+02 -1.48906331114708e+02 -1.80805020383030e+01
27 1.00000000000000e+02 -1.50000000000000e+02 -4.28162611654781e-12
28 1.00000000000000e+02 -1.48906331114709e+02 1.80805020382945e+01
29 1.00000000000000e+02 -1.45641272613909e+02 3.58973496431300e+01
30 1.00000000000000e+02 -1.40252436402814e+02 5.31907330563766e+01
31 1.00000000000000e+02 -1.32818403847983e+02 6.97084758065620e+01
32 1.00000000000000e+02 -1.23447579884051e+02 8.52097120096702e+01
33 1.00000000000000e+02 -1.12276612225668e+02 9.94683987361159e+01
34 1.00000000000000e+02 -9.94683987361232e+01 1.12276612225662e+02
35 1.00000000000000e+02 -8.52097120096774e+01 1.23447579884046e+02
36 1.00000000000000e+02 -6.97084758065694e+01 1.32818403847979e+02
37 1.00000000000000e+02 -5.31907330563845e+01 1.40252436402811e+02
38 1.00000000000000e+02 -3.58973496431377e+01 1.45641272613907e+02
39 1.00000000000000e+02 -1.80805020383024e+01 1.48906331114708e+02
40 1.00000000000000e+02 -3.62467715276632e-12 1.50000000000000e+02
41 1.00000000000000e+02 1.80805020382952e+01 1.48906331114709e+02
42 1.00000000000000e+02 3.58973496431305e+01 1.45641272613909e+02
43 1.00000000000000e+02 5.31907330563777e+01 1.40252436402813e+02
44 1.00000000000000e+02 6.97084758065631e+01 1.32818403847983e+02
45 1.00000000000000e+02 8.52097120096716e+01 1.23447579884050e+02
46 1.00000000000000e+02 9.94683987361177e+01 1.12276612225667e+02
47 1.00000000000000e+02 1.12276612225664e+02 9.94683987361206e+01
48 1.00000000000000e+02 1.23447579884048e+02 8.52097120096746e+01
49 1.00000000000000e+02 1.32818403847981e+02 6.97084758065663e+01
50 1.00000000000000e+02 1.40252436402812e+02 5.31907330563810e+01
51 1.00000000000000e+02 1.45641272613908e+02 3.58973496431343e+01
52 1.00000000000000e+02 1.48906331114708e+02 1.80805020382988e+01
53 1.00000000000000e+02 1.32866424709045e+02 -9.48454174217053e+00
54 1.00000000000000e+02 1.30761208988052e+02 -4.08391635279991e+01
55 1.00000000000000e+02 1.15582421319207e+02 -6.82088192760662e+01
56 1.00000000000000e+02 9.53927550831793e+01 -9.45544283305392e+01
57 1.00000000000000e+02 6.95251811428828e+01 -1.14553658487378e+02
58 1.00000000000000e+02 4.01973162743570e+01 -1.28562073019462e+02
59 1.00000000000000e+02 8.16375080416166e+00 -1.34507717142631e+02
60 1.00000000000000e+02 -2.41854570878209e+01 -1.32178565991145e+02
61 1.00000000000000e+02 -5.51837573464356e+01 -1.22786800481551e+02
62 1.00000000000000e+02 -8.30742593569850e+01 -1.06118140769976e+02
63 1.00000000000000e+02 -1.05859231685272e+02 -8.31883794814791e+01
64 1.00000000000000e+02 -1.22481781944719e+02 -5.52183426187580e+01
65 1.00000000000000e+02 -1.31919509092293e+02 -2.42712631823437e+01
66 1.00000000000000e+02 -1.34615954697827e+02 8.09046142914372e+00
67 1.00000000000000e+02 -1.28652625362121e+02 4.01013815832612e+01
68 1.00000000000000e+02 -1.15378319993539e+02 6.94371364168867e+01
69 1.00000000000000e+02 -9.51649775450003e+01 9.49572504066312e+01
70 1.00000000000000e+02 -6.95243647369706e+01 1.14603119830089e+02
71 1.00000000000000e+02 -4.00084450871347e+01 1.28282517265690e+02
72 1.00000000000000e+02 -8.04880493484286e+00 1.34281632307197e+02
73 1.00000000000000e+02 2.43751885279122e+01 1.32395333315777e+02
74 1.00000000000000e+02 5.55304443583028e+01 1.22572965526971e+02
75 1.00000000000000e+02 8.32081953119827e+01 1.05805301982388e+02
76 1.00000000000000e+02 1.06352340753777e+02 8.30534461593032e+01
77 1.00000000000000e+02 1.22525320149195e+02 5.51493460937496e+01
78 1.00000000000000e+02 1.31855399380638e+02 2.36135080185577e+01
79 1.00000000000000e+02 1.33179881454864e+02 7.12370424085797e+00
80 1.00000000000000e+02 1.31402897507958e+02 -2.58549363968983e+01
81 1.00000000000000e+02 1.23150081842193e+02 -5.37053764628164e+01
82 1.00000000000000e+02 1.06419775335308e+02 -8.21259675509994e+01
83 1.00000000000000e+02 8.29510890781715e+01 -1.05273977488592e+02
84 1.00000000000000e+02 5.52255894809878e+01 -1.22339277259356e+02
85 1.00000000000000e+02 2.43747282828303e+01 -1.32721504882086e+02
86 1.00000000000000e+02 -8.03298310064180e+00 -1.34256444201826e+02
87 1.00000000000000e+02 -3.99981842152573e+01 -1.28318995207657e+02
88 1.00000000000000e+02 -6.96999767755111e+01 -1.15461085716583e+02
89 1.00000000000000e+02 -9.50762461333368e+01 -9.52665334443785e+01
90 1.00000000000000e+02 -1.15153738223148e+02 -6.97965378732840e+01
91 1.00000000000000e+02 -1.27979241964906e+02 -4.00233743546758e+01
92 1.00000000000000e+02 -1.34203674085310e+02 -8.15918308608182e+00
93 1.00000000000000e+02 -1.32823128241229e+02 2.43426525634364e+01
94 1.00000000000000e+02 -1.22741512732176e+02 5.50540881890696e+01
95 1.00000000000000e+02 -1.06216628218971e+02 8.29375208970632e+01
96 1.00000000000000e+02 -8.28725166195105e+01 1.05416378449347e+02
97 1.00000000000000e+02 -5.52225056365580e+01 1.22341610723757e+02
98 1.00000000000000e+02 -2.42079824913218e+01 1.32298945273805e+02
99 1.00000000000000e+02 8.23460647831885e+00 1.34327414902816e+02
100 1.00000000000000e+02 4.02549768778028e+01 1.28511068343227e+02
101 1.00000000000000e+02 6.99138631338986e+01 1.14855430689253e+02
102 1.00000000000000e+02 9.55793592833740e+01 9.53502255847264e+01
103 1.00000000000000e+02 1.15200064039110e+02 6.94818819558477e+01
104 1.00000000000000e+02 1.28330634558771e+02 3.98016464489258e+01
105 1.00000000000000e+02 9.05041535737786e+01 -7.83899030595135e+01
106 1.00000000000000e+02 9.95677666276196e+01 -6.60258299176040e+01
107 1.00000000000000e+02 1.15867838253567e+02 -1.80633913469248e+01
108 1.00000000000000e+02 6.76995110588084e+01 -9.71596694053788e+01
109 1.00000000000000e+02 4.23009389050719e+01 -1.11629856477781e+02
110 1.00000000000000e+02 1.45402342625993e+01 -1.19568796032075e+02
111 1.00000000000000e+02 -1.41457604726292e+01 -1.18516220044179e+02
112 1.00000000000000e+02 -4.24445084864479e+01 -1.11429778671941e+02
113 1.00000000000000e+02 -6.83331117766222e+01 -9.91897387113968e+01
114 1.00000000000000e+02 -8.92619817685219e+01 -7.94781169426836e+01
115 1.00000000000000e+02 -1.05939639680246e+02 -5.59108184781170e+01
116 1.00000000000000e+02 -1.15073181518956e+02 -2.86515065663888e+01
117 1.00000000000000e+02 -1.19764639168487e+02 2.10622814141439e-01
118 1.00000000000000e+02 -1.17057425923606e+02 2.89261492963102e+01
119 1.00000000000000e+02 -1.05935040547686e+02 5.51198925741384e+01
120 1.00000000000000e+02 -9.01093069153479e+01 7.92809437628063e+01
121 1.00000000000000e+02 -6.77160947441428e+01 9.71693753684840e+01
122 1.00000000000000e+02 -4.23884446765116e+01 1.11465234386541e+02
123 1.00000000000000e+02 -1.42693257188828e+01 1.18729786826705e+02
124 1.00000000000000e+02 1.47138332848540e+01 1.18795646464476e+02
125 1.00000000000000e+02 4.30456432303059e+01 1.12000602403558e+02
126 1.00000000000000e+02 6.84660525452366e+01 9.75165813839424e+01
127 1.00000000000000e+02 9.08116991013661e+01 8.00094622508405e+01
128 1.00000000000000e+02 1.05173397004343e+02 5.53383142761897e+01
129 1.00000000000000e+02 1.15955779512940e+02 2.81302628437155e+01
130 1.00000000000000e+02 1.06445198149386e+02 -5.20283943731561e+01
131 1.00000000000000e+02 1.14273004366170e+02 -3.59539778735720e+01
132 1.00000000000000e+02 7.95698053538285e+01 -8.83373679279676e+01
133 1.00000000000000e+02 5.52762042695125e+01 -1.04904998400957e+02
134 1.00000000000000e+02 2.89317641726038e+01 -1.16965431540047e+02
135 1.00000000000000e+02 3.51957947596656e-01 -1.19554345144031e+02
136 1.00000000000000e+02 -2.86201168597192e+01 -1.15808626419733e+02
137 1.00000000000000e+02 -5.56923359683933e+01 -1.06464579839110e+02
138 1.00000000000000e+02 -7.91328624628835e+01 -8.97664056841448e+01
139 1.00000000000000e+02 -9.85279995724099e+01 -6.85749366725850e+01
140 1.00000000000000e+02 -1.10780025931601e+02 -4.24526788549637e+01
141 1.00000000000000e+02 -1.18153613464324e+02 -1.43055975267940e+01
142 1.00000000000000e+02 -1.19877193348347e+02 1.44987220500945e+01
143 1.00000000000000e+02 -1.11698595891817e+02 4.20194457293091e+01
144 1.00000000000000e+02 -9.92790387753220e+01 6.78613008758189e+01
145 1.00000000000000e+02 -7.91947800290273e+01 8.85039999045217e+01
146 1.00000000000000e+02 -5.54976498243467e+01 1.04997700995372e+02
147 1.00000000000000e+02 -2.84858138332708e+01 1.15997115623676e+02
148 1.00000000000000e+02 2.17420164322050e-01 1.19610299474556e+02
149 1.00000000000000e+02 2.88819382013748e+01 1.16321398314014e+02
150 1.00000000000000e+02 5.63022836357813e+01 1.05409092829477e+02
151 1.00000000000000e+02 7.99888882785786e+01 8.95749495390675e+01
152 1.00000000000000e+02 9.88193241481078e+01 6.79212660011678e+01
153 1.00000000000000e+02 1.11767890922031e+02 4.25802200674371e+01
154 1.00000000000000e+02 1.17061478012255e+02 1.33202077535846e+01
155 1.00000000000000e+02 1.16948047848722e+02 -2.07144717856289e+00
156 1.00000000000000e+02 4.23140433876072e+01 -9.50993944223778e+01
157 1.00000000000000e+02 6.48617522082433e+01 -8.08344451217569e+01
158 1.00000000000000e+02 5.34476210183760e+01 -8.78484449306934e+01
159 1.00000000000000e+02 1.02035750070690e+02 3.20515139596382e+01
160 1.00000000000000e+02 7.43847017695915e+00 -1.04515012405652e+02
161 1.00000000000000e+02 -1.87967292376433e+01 -1.03480403918072e+02
162 1.00000000000000e+02 -4.35213603120308e+01 -9.46473261166290e+01
163 1.00000000000000e+02 -6.41903730372443e+01 -8.37284287815899e+01
164 1.00000000000000e+02 -8.23253166831974e+01 -6.45703727119428e+01
165 1.00000000000000e+02 -9.39756746970870e+01 -4.39497966873514e+01
166 1.00000000000000e+02 -1.02238518268540e+02 -1.87896624848113e+01
167 1.00000000000000e+02 -1.05386747741940e+02 7.40334392089713e+00
168 1.00000000000000e+02 -1.00172705790619e+02 3.00449031004742e+01
169 1.00000000000000e+02 -8.99740389108369e+01 5.43300740431750e+01
170 1.00000000000000e+02 -7.49415192513328e+01 7.23379277040314e+01
171 1.00000000000000e+02 -5.38745625285184e+01 8.80199310412859e+01
172 1.00000000000000e+02 -3.10360322525733e+01 1.00416989876268e+02
173 1.00000000000000e+02 -6.06576016478772e+00 1.05127494012398e+02
174 1.00000000000000e+02 1.93311603508616e+01 1.03221922843636e+02
175 1.00000000000000e+02 4.46512555671148e+01 9.61892051688176e+01
176 1.00000000000000e+02 6.59127043717853e+01 8.00968592342364e+01
177 1.00000000000000e+02 8.45764661953181e+01 6.66760689427465e+01
178 1.00000000000000e+02 7.56872013488129e+01 -7.25155841785596e+01
179 1.00000000000000e+02 9.89509216208806e+01 -2.37041958705341e+01
180 1.00000000000000e+02 9.44357190169767e+01 4.24813823458935e+01
181 1.00000000000000e+02 8.93754143908200e+01 -5.19643062674591e+01
182 1.00000000000000e+02 8.52170991381485e+01 -6.44626410366501e+01
183 1.00000000000000e+02 1.95299632307551e+01 -1.06160215071196e+02
184 1.00000000000000e+02 1.01472589427836e+02 1.92853772251917e+01
185 1.00000000000000e+02 3.04441436214446e+01 -1.01037825466787e+02
186 1.00000000000000e+02 -5.43262627989148e+00 -1.04662832897582e+02
187 1.00000000000000e+02 -3.15723703720615e+01 -9.94792905492149e+01
188 1.00000000000000e+02 -5.55855666148085e+01 -9.21147018690255e+01
189 1.00000000000000e+02 -7.37173100292402e+01 -7.45746384077696e+01
190 1.00000000000000e+02 -9.13916812636585e+01 -5.60861452239960e+01
191 1.00000000000000e+02 -9.80263716702274e+01 -3.14170021896824e+01
192 1.00000000000000e+02 -1.04743799349465e+02 -5.43197362115787e+00
193 1.00000000000000e+02 -1.06782626701414e+02 1.95138720019671e+01
194 1.00000000000000e+02 -9.52081054308546e+01 4.19450215754153e+01
195 1.00000000000000e+02 -8.52413452393664e+01 6.56698379048171e+01
196 1.00000000000000e+02 -6.46257479611609e+01 8.02969952995427e+01
197 1.00000000000000e+02 -4.31682071704538e+01 9.51932807730187e+01
198 1.00000000000000e+02 -1.85849692853863e+01 1.03242152355680e+02
199 1.00000000000000e+02 7.01345095403208e+00 1.05060651967937e+02
200 1.00000000000000e+02 3.20060238367902e+01 1.01332337679344e+02
201 1.00000000000000e+02 5.52773233120698e+01 8.81069715926127e+01
202 1.00000000000000e+02 7.70295035296357e+01 7.53534318305140e+01
203 1.00000000000000e+02 8.75614679870540e+01 5.43227207665170e+01
204 1.00000000000000e+02 9.53986397127540e+01 -3.86568036337191e+01
205 1.00000000000000e+02 1.00486243887615e+02 -9.22231467498640e+00
206 1.00000000000000e+02 -6.69404370769969e+01 -6.00009966710026e+01
207 1.00000000000000e+02 -1.06017831264020e+01 -9.14876389837753e+01
208 1.00000000000000e+02 3.01761435523413e+01 -8.69469889173878e+01
209 1.00000000000000e+02 8.38232346309412e+01 -2.79508080257550e+01
210 1.00000000000000e+02 -3.21378481505775e+01 -8.17040096232254e+01
211 1.00000000000000e+02 1.76562693709039e+00 -8.86283268632311e+01
212 1.00000000000000e+02 -2.17543564303975e+01 -8.90910059899831e+01
213 1.00000000000000e+02 -5.92149186718475e+01 -7.03250724497605e+01
214 1.00000000000000e+02 -4.69737809271783e+01 -7.74762922309788e+01
215 1.00000000000000e+02 -8.53684164949173e+01 -2.08150012698638e+01
216 1.00000000000000e+02 -9.02544175284624e+01 2.85393680206698e+00
217 1.00000000000000e+02 -8.06117000432024e+01 4.28073416798011e+01
218 1.00000000000000e+02 -5.08893792061187e+01 7.16834671081802e+01
219 1.00000000000000e+02 -3.23733752516947e+01 8.64420879966590e+01
220 1.00000000000000e+02 -9.89341732904857e+00 8.99684814806384e+01
221 1.00000000000000e+02 1.16346185166013e+01 8.87193966660661e+01
222 1.00000000000000e+02 3.45692279203126e+01 8.85468880915262e+01
223 1.00000000000000e+02 5.28797940892246e+01 6.97770602199265e+01
224 1.00000000000000e+02 1.67070242377037e+01 -8.98054897941567e+01
225 1.00000000000000e+02 6.79669171927271e+01 5.93693359793769e+01
226 1.00000000000000e+02 1.01699750165933e+02 5.49528869471841e+00
227 1.00000000000000e+02 6.29162009175095e+01 -6.61337446740627e+01
228 1.00000000000000e+02 8.70887759987180e+01 2.82550090356497e+01
229 1.00000000000000e+02 7.62750912857591e+01 4.09152419940528e+01
230 1.00000000000000e+02 -7.67938136873427e+01 -4.82289434837061e+01
231 1.00000000000000e+02 -8.08669971826293e+01 -3.37935935727472e+01
232 1.00000000000000e+02 -9.11083413423967e+01 -9.70704592907084e+00
233 1.00000000000000e+02 -9.21801421056188e+01 1.65712272854489e+01
234 1.00000000000000e+02 -8.14496332908404e+01 2.79439456125233e+01
235 1.00000000000000e+02 -7.29830623321584e+01 5.46748162336910e+01
236 1.00000000000000e+02 -6.15705822603242e+01 6.34940620929620e+01
237 1.00000000000000e+02 -4.06720690280961e+01 7.85710016837256e+01
238 1.00000000000000e+02 -2.13832047837354e+01 8.79678480832720e+01
239 1.00000000000000e+02 7.63512795682244e-01 9.26657473320292e+01
240 1.00000000000000e+02 2.31470103544434e+01 8.83256826858529e+01
241 1.00000000000000e+02 4.31527796064161e+01 7.98781370171426e+01
242 1.00000000000000e+02 7.72155094909805e+01 -4.02554478214512e+01
243 1.00000000000000e+02 8.09110524912320e+01 -1.33230126587483e+01
244 1.00000000000000e+02 7.15796048509179e+01 -5.48427375282545e+01
245 1.00000000000000e+02 3.96147365036304e+01 -7.82391383641553e+01
246 1.00000000000000e+02 8.56494061964450e+01 1.33563075543506e+01
247 1.00000000000000e+02 -5.98196335907626e+01 -4.76321087601288e+01
248 1.00000000000000e+02 5.09140004926979e+01 -7.11243784132821e+01
249 1.00000000000000e+02 -6.92268350264619e+01 -2.14762813835547e+01
250 1.00000000000000e+02 5.77142289162640e+01 3.96089809541625e+01
251 1.00000000000000e+02 -1.26173449025483e+01 7.64092891518144e+01
252 1.00000000000000e+02 -4.78522940971991e+01 -5.77526239692704e+01
253 1.00000000000000e+02 -3.10131277640528e+01 -6.45772279628192e+01
254 1.00000000000000e+02 -6.38507875153701e+01 -3.48157972448699e+01
255 1.00000000000000e+02 2.40498141886643e+01 -7.24745997538258e+01
256 1.00000000000000e+02 6.78331131096074e+01 -2.55424630554363e+01
257 1.00000000000000e+02 1.79884719101020e+01 7.03117617843250e+01
258 1.00000000000000e+02 -7.60725372193776e+01 1.09963997391357e+01
259 1.00000000000000e+02 -6.64584396066057e+01 3.66903703382379e+01
260 1.00000000000000e+02 -5.60681688605871e+01 4.69422430244237e+01
261 1.00000000000000e+02 -2.51250363475568e+01 7.14788539445160e+01
262 1.00000000000000e+02 1.51212339818308e+00 7.57741853688351e+01
263 1.00000000000000e+02 -7.52584094704683e+01 -6.06822560005165e+00
264 1.00000000000000e+02 5.23050454830643e+01 -5.44475847842134e+01
265 1.00000000000000e+02 4.65393180658453e+01 5.28957614434975e+01
266 1.00000000000000e+02 -1.27197448091947e+01 -7.39344574071502e+01
267 1.00000000000000e+02 3.02160600319477e+01 7.71270608585146e+01
268 1.00000000000000e+02 5.87645724674894e+01 -3.96473590646837e+01
269 1.00000000000000e+02 6.81523822302427e+01 2.22780521794020e+01
270 1.00000000000000e+02 -3.62487632819824e+01 6.24270007429848e+01
271 1.00000000000000e+02 7.82898753480672e+00 -7.25524924071083e+01
272 1.00000000000000e+02 8.75603780752018e+01 -4.16730599847043e-01
273 1.00000000000000e+02 3.59775112710842e+01 6.49460314834361e+01
274 1.00000000000000e+02 -4.79670467946313e+01 5.72636887969390e+01
275 1.00000000000000e+02 -4.56184245624239e-01 -5.83465245464444e+01
276 1.00000000000000e+02 4.92672880891236e+01 2.46503183319178e+01
277 1.00000000000000e+02 -5.91328572198780e+01 -1.05248062606636e+01
278 1.00000000000000e+02 -4.65488186248194e+01 -3.85386085100503e+01
279 1.00000000000000e+02 -3.14076769994517e+01 -4.55912397696723e+01
280 1.00000000000000e+02 7.13102853917762e+01 3.39853543312574e+00
281 1.00000000000000e+02 -2.16914207002469e+01 5.22145604814995e+01
282 1.00000000000000e+02 -6.18356638621514e+01 2.03099448883209e+01
283 1.00000000000000e+02 8.12217287611250e+00 5.56868169910797e+01
284 1.00000000000000e+02 -5.88191725741725e+01 3.95162933659129e+00
285 1.00000000000000e+02 -8.82402351851690e+00 6.13903983384667e+01
286 1.00000000000000e+02 1.74035712463834e+01 -5.27982302732477e+01
287 1.00000000000000e+02 -5.12867840614988e+01 -2.30444039329691e+01
288 1.00000000000000e+02 3.75051159680806e+01 3.69697241423099e+01
289 1.00000000000000e+02 3.63242992324040e+01 -6.05951646455345e+01
290 1.00000000000000e+02 -1.57076350894623e+01 -5.33116119983386e+01
291 1.00000000000000e+02 6.07294005339913e+01 -9.90123107650332e+00
292 1.00000000000000e+02 -4.92238573475485e+01 3.08984594392499e+01
293 1.00000000000000e+02 5.07237115442816e+01 7.44302386078932e+00
294 1.00000000000000e+02 4.93539626448854e+01 -2.41445250589578e+01
295 1.00000000000000e+02 2.65141846209895e+01 5.17496472558822e+01
296 1.00000000000000e+02 3.67113863010226e+01 -3.98932349121756e+01
297 1.00000000000000e+02 -3.10578177406198e+01 -2.41413893975818e+01
298 1.00000000000000e+02 -1.68250163704673e+01 -3.58898972277139e+01
299 1.00000000000000e+02 -4.37172904440697e+00 4.30233355116075e+01
300 1.00000000000000e+02 -3.71238611647868e+01 4.40830736605165e+01
301 1.00000000000000e+02 -3.21354880973265e-01 -4.07717152597042e+01
302 1.00000000000000e+02 -3.30359342144515e+01 2.68857151819483e+01
303 1.00000000000000e+02 -4.29343386553257e+01 -7.21398504774042e+00
304 1.00000000000000e+02 1.58238980167610e+01 3.41951673767093e+01
305 1.00000000000000e+02 3.22666829505349e+01 1.90732744817774e+01
306 1.00000000000000e+02 -4.11603753948480e+01 1.19041875133229e+01
307 1.00000000000000e+02 1.52365568522088e+01 -2.98698426337129e+01
308 1.00000000000000e+02 3.06621057907778e+01 -1.87695097659049e+01
309 1.00000000000000e+02 -1.90402998857311e+01 3.40327184682625e+01
310 1.00000000000000e+02 4.40220728298124e+01 -8.53785056512687e+00
311 1.00000000000000e+02 -2.45641424376427e+00 2.33433145050365e+01
312 1.00000000000000e+02 -6.43849539350757e+00 -1.93008405177881e+01
313 1.00000000000000e+02 3.00391038872018e+01 9.07304532927613e-01
314 1.00000000000000e+02 -2.00162094032348e+01 1.51210453667573e+01
315 1.00000000000000e+02 1.29102771457651e+01 -8.69655790409384e+00
316 1.00000000000000e+02 -2.36509045076286e+01 -3.78638754161274e+00
317 1.00000000000000e+02 1.39876572229301e+01 1.20549097452755e+01
318 1.00000000000000e+02 -3.99783038748860e+00 2.89140296780269e+00
1 203 318 317 315 
2 203 317 313 315 
3 203 1 2 53 
4 203 3 4 54 
5 203 5 6 55 
6 203 7 8 56 
7 203 9 10 57 
8 203 11 12 58 
9 203 13 14 59 
10 203 15 16 60 
11 203 17 18 61 
12 203 19 20 62 
13 203 21 22 63 
14 203 23 24 64 
15 203 25 26 65 
16 203 27 28 66 
17 203 29 30 67 
18 203 31 32 68 
19 203 33 34 69 
20 203 35 36 70 
21 203 37 38 71 
22 203 39 40 72 
23 203 41 42 73 
24 203 43 44 74 
25 203 45 46 75 
26 203 47 48 76 
27 203 49 50 77 
28 203 51 52 78 
29 203 52 1 79 
30 203 78 52 79 
31 203 1 53 79 
32 203 2 3 80 
33 203 4 5 81 
34 203 6 7 82 
35 203 8 9 83 
36 203 10 11 84 
37 203 12 13 85 
38 203 14 15 86 
39 203 16 17 87 
40 203 18 19 88 
41 203 20 21 89 
42 203 22 23 90 
43 203 24 25 91 
44 203 26 27 92 
45 203 28 29 93 
46 203 30 31 94 
47 203 32 33 95 
48 203 34 35 96 
49 203 36 37 97 
50 203 38 39 98 
51 203 40 41 99 
52 203 42 43 100 
53 203 44 45 101 
54 203 46 47 102 
55 203 48 49 103 
56 203 50 51 104 
57 203 81 5 55 
58 203 2 80 53 
59 203 54 4 81 
60 203 55 6 82 
61 203 56 8 83 
62 203 57 10 84 
63 203 58 12 85 
64 203 59 14 86 
65 203 60 16 87 
66 203 61 18 88 
67 203 62 20 89 
68 203 63 22 90 
69 203 64 24 91 
70 203 65 26 92 
71 203 66 28 93 
72 203 67 30 94 
73 203 68 32 95 
74 203 69 34 96 
75 203 70 36 97 
76 203 71 38 98 
77 203 72 40 99 
78 203 73 42 100 
79 203 74 44 101 
80 203 75 46 102 
81 203 76 48 103 
82 203 77 50 104 
83 203 80 3 54 
84 203 82 7 56 
85 203 83 9 57 
86 203 84 11 58 
87 203 85 13 59 
88 203 86 15 60 
89 203 87 17 61 
90 203 88 19 62 
91 203 89 21 63 
92 203 90 23 64 
93 203 91 25 65 
94 203 92 27 66 
95 203 93 29 67 
96 203 94 31 68 
97 203 95 33 69 
98 203 96 35 70 
99 203 97 37 71 
100 203 98 39 72 
101 203 99 41 73 
102 203 100 43 74 
103 203 101 45 75 
104 203 102 47 76 
105 203 103 49 77 
106 203 104 51 78 
107 203 82 56 105 
108 203 55 82 106 
109 203 82 105 106 
110 203 53 80 107 
111 203 83 57 108 
112 203 84 58 109 
113 203 85 59 110 
114 203 86 60 111 
115 203 87 61 112 
116 203 88 62 113 
117 203 89 63 114 
118 203 90 64 115 
119 203 91 65 116 
120 203 92 66 117 
121 203 93 67 118 
122 203 94 68 119 
123 203 95 69 120 
124 203 96 70 121 
125 203 97 71 122 
126 203 98 72 123 
127 203 99 73 124 
128 203 100 74 125 
129 203 101 75 126 
130 203 102 76 127 
131 203 103 77 128 
132 203 104 78 129 
133 203 81 55 130 
134 203 55 106 130 
135 203 54 81 131 
136 203 81 130 131 
137 203 54 131 80 
138 203 107 80 131 
139 203 56 83 132 
140 203 57 84 133 
141 203 58 85 134 
142 203 59 86 135 
143 203 60 87 136 
144 203 61 88 137 
145 203 62 89 138 
146 203 63 90 139 
147 203 64 91 140 
148 203 65 92 141 
149 203 66 93 142 
150 203 67 94 143 
151 203 68 95 144 
152 203 69 96 145 
153 203 70 97 146 
154 203 71 98 147 
155 203 72 99 148 
156 203 73 100 149 
157 203 74 101 150 
158 203 75 102 151 
159 203 76 103 152 
160 203 77 104 153 
161 203 56 132 105 
162 203 134 85 110 
163 203 153 104 129 
164 203 152 103 128 
165 203 151 102 127 
166 203 150 101 126 
167 203 149 100 125 
168 203 148 99 124 
169 203 147 98 123 
170 203 146 97 122 
171 203 145 96 121 
172 203 144 95 120 
173 203 143 94 119 
174 203 142 93 118 
175 203 141 92 117 
176 203 140 91 116 
177 203 139 90 115 
178 203 138 89 114 
179 203 137 88 113 
180 203 136 87 112 
181 203 135 86 111 
182 203 129 78 154 
183 203 78 79 154 
184 203 79 53 155 
185 203 154 79 155 
186 203 53 107 155 
187 203 128 77 153 
188 203 127 76 152 
189 203 126 75 151 
190 203 125 74 150 
191 203 124 73 149 
192 203 123 72 148 
193 203 122 71 147 
194 203 121 70 146 
195 203 120 69 145 
196 203 119 68 144 
197 203 118 67 143 
198 203 117 66 142 
199 203 116 65 141 
200 203 115 64 140 
201 203 114 63 139 
202 203 113 62 138 
203 203 112 61 137 
204 203 111 60 136 
205 203 110 59 135 
206 203 109 58 134 
207 203 108 57 133 
208 203 133 84 109 
209 203 132 83 108 
210 203 133 109 156 
211 203 132 108 157 
212 203 108 133 158 
213 203 157 108 158 
214 203 133 156 158 
215 203 153 129 159 
216 203 110 135 160 
217 203 111 136 161 
218 203 112 137 162 
219 203 113 138 163 
220 203 114 139 164 
221 203 115 140 165 
222 203 116 141 166 
223 203 117 142 167 
224 203 118 143 168 
225 203 119 144 169 
226 203 120 145 170 
227 203 121 146 171 
228 203 122 147 172 
229 203 123 148 173 
230 203 124 149 174 
231 203 125 150 175 
232 203 126 151 176 
233 203 127 152 177 
234 203 105 132 178 
235 203 132 157 178 
236 203 107 131 179 
237 203 128 153 180 
238 203 153 159 180 
239 203 130 106 181 
240 203 106 105 182 
241 203 181 106 182 
242 203 105 178 182 
243 203 134 110 183 
244 203 110 160 183 
245 203 159 129 184 
246 203 129 154 184 
247 203 109 134 185 
248 203 109 185 156 
249 203 135 111 186 
250 203 136 112 187 
251 203 137 113 188 
252 203 138 114 189 
253 203 139 115 190 
254 203 140 116 191 
255 203 141 117 192 
256 203 142 118 193 
257 203 143 119 194 
258 203 144 120 195 
259 203 145 121 196 
260 203 146 122 197 
261 203 147 123 198 
262 203 148 124 199 
263 203 149 125 200 
264 203 150 126 201 
265 203 151 127 202 
266 203 134 183 185 
267 203 152 128 203 
268 203 128 180 203 
269 203 131 130 204 
270 203 202 127 177 
271 203 201 126 176 
272 203 200 125 175 
273 203 199 124 174 
274 203 198 123 173 
275 203 197 122 172 
276 203 196 121 171 
277 203 195 120 170 
278 203 194 119 169 
279 203 193 118 168 
280 203 192 117 167 
281 203 191 116 166 
282 203 190 115 165 
283 203 188 113 163 
284 203 155 107 205 
285 203 107 179 205 
286 203 189 114 164 
287 203 177 152 203 
288 203 176 151 202 
289 203 175 150 201 
290 203 174 149 200 
291 203 173 148 199 
292 203 172 147 198 
293 203 171 146 197 
294 203 170 145 196 
295 203 169 144 195 
296 203 168 143 194 
297 203 167 142 193 
298 203 166 141 192 
299 203 165 140 191 
300 203 164 139 190 
301 203 163 138 189 
302 203 162 137 188 
303 203 161 136 187 
304 203 187 112 162 
305 203 135 186 160 
306 203 186 111 161 
307 203 131 204 179 
308 203 204 130 181 
309 203 176 202 225 
310 203 189 164 206 
311 203 186 161 207 
312 203 156 185 208 
313 203 179 204 209 
314 203 187 162 210 
315 203 160 186 211 
316 203 186 207 211 
317 203 161 187 212 
318 203 207 161 212 
319 203 187 210 212 
320 203 177 203 225 
321 203 163 189 213 
322 203 189 206 213 
323 203 188 163 214 
324 203 163 213 214 
325 203 190 165 230 
326 203 191 166 215 
327 203 192 167 216 
328 203 193 168 233 
329 203 194 169 217 
330 203 195 170 235 
331 203 196 171 218 
332 203 197 172 219 
333 203 198 173 220 
334 203 199 174 221 
335 203 200 175 222 
336 203 201 176 223 
337 203 176 225 223 
338 203 183 160 224 
339 203 160 211 224 
340 203 202 177 225 
341 203 315 312 318 
342 203 312 316 318 
343 203 154 155 226 
344 203 184 154 226 
345 203 155 205 226 
346 203 178 157 227 
347 203 188 214 162 
348 203 159 184 228 
349 203 225 203 229 
350 203 203 180 229 
351 203 159 228 180 
352 203 164 190 230 
353 203 165 191 231 
354 203 166 192 232 
355 203 167 193 233 
356 203 168 194 234 
357 203 169 195 235 
358 203 170 196 236 
359 203 171 197 237 
360 203 172 198 238 
361 203 173 199 239 
362 203 174 200 240 
363 203 175 201 241 
364 203 222 175 241 
365 203 201 223 241 
366 203 185 183 224 
367 203 206 164 230 
368 203 180 228 229 
369 203 204 181 242 
370 203 232 192 216 
371 203 204 242 209 
372 203 240 200 222 
373 203 239 199 221 
374 203 205 179 243 
375 203 179 209 243 
376 203 238 198 220 
377 203 237 197 219 
378 203 182 178 244 
379 203 178 227 244 
380 203 162 214 210 
381 203 236 196 218 
382 203 311 317 318 
383 203 234 194 217 
384 203 316 314 318 
385 203 221 174 240 
386 203 220 173 239 
387 203 219 172 238 
388 203 218 171 237 
389 203 235 170 236 
390 203 217 169 235 
391 203 233 168 234 
392 203 216 167 233 
393 203 215 166 232 
394 203 158 156 245 
395 203 156 208 245 
396 203 231 191 215 
397 203 314 311 318 
398 203 165 231 230 
399 203 185 224 208 
400 203 228 184 246 
401 203 184 226 246 
402 203 206 230 247 
403 203 157 158 248 
404 203 227 157 248 
405 203 158 245 248 
406 203 231 215 249 
407 203 225 229 250 
408 203 238 220 251 
409 203 213 206 252 
410 203 206 247 252 
411 203 210 214 253 
412 203 230 231 254 
413 203 231 249 254 
414 203 214 213 252 
415 203 208 224 255 
416 203 209 242 256 
417 203 221 240 257 
418 203 216 233 258 
419 203 234 217 259 
420 203 235 236 260 
421 203 219 238 261 
422 203 238 251 261 
423 203 239 221 262 
424 203 221 257 262 
425 203 242 181 244 
426 203 232 216 263 
427 203 216 258 263 
428 203 181 182 244 
429 203 244 227 264 
430 203 223 225 265 
431 203 211 207 266 
432 203 240 222 267 
433 203 257 240 267 
434 203 222 241 267 
435 203 242 244 268 
436 203 256 242 268 
437 203 244 264 268 
438 203 228 246 269 
439 203 250 229 269 
440 203 225 250 265 
441 203 208 255 245 
442 203 210 253 266 
443 203 253 214 252 
444 203 209 256 243 
445 203 309 311 314 
446 203 269 229 228 
447 203 215 232 263 
448 203 259 282 234 
449 203 305 313 317 
450 203 235 260 259 
451 203 217 235 259 
452 203 218 237 270 
453 203 237 219 261 
454 203 220 239 262 
455 203 215 263 249 
456 203 224 211 271 
457 203 226 205 272 
458 203 246 226 272 
459 203 205 243 272 
460 203 241 223 273 
461 203 267 241 273 
462 203 223 265 273 
463 203 230 254 247 
464 203 211 266 271 
465 203 236 218 274 
466 203 260 236 274 
467 203 218 270 274 
468 203 224 271 255 
469 203 270 237 261 
470 203 220 262 251 
471 203 271 266 275 
472 203 250 269 276 
473 203 227 248 264 
474 203 207 212 266 
475 203 249 263 277 
476 203 252 247 278 
477 203 253 252 279 
478 203 252 278 279 
479 203 311 304 317 
480 203 269 246 280 
481 203 246 272 280 
482 203 270 261 281 
483 203 258 234 282 
484 203 262 257 283 
485 203 247 254 278 
486 203 263 258 284 
487 203 277 263 284 
488 203 258 282 284 
489 203 261 251 285 
490 203 281 261 285 
491 203 251 262 285 
492 203 255 271 286 
493 203 271 275 286 
494 203 254 249 287 
495 203 249 277 287 
496 203 265 250 288 
497 203 250 276 288 
498 203 264 248 289 
499 203 248 245 289 
500 203 285 262 283 
501 203 245 255 289 
502 203 266 253 290 
503 203 253 279 290 
504 203 254 287 278 
505 203 243 256 291 
506 203 289 255 286 
507 203 259 260 292 
508 203 233 234 258 
509 203 276 269 293 
510 203 269 280 293 
511 203 304 305 317 
512 203 275 266 290 
513 203 259 292 282 
514 203 243 291 280 
515 203 256 268 294 
516 203 273 265 295 
517 203 265 288 295 
518 203 283 257 295 
519 203 264 289 296 
520 203 291 256 294 
521 203 264 296 268 
522 203 278 287 297 
523 203 290 279 298 
524 203 243 280 272 
525 203 281 285 299 
526 203 285 283 299 
527 203 289 286 296 
528 203 292 260 300 
529 203 275 290 301 
530 203 290 298 301 
531 203 292 300 302 
532 203 294 268 296 
533 203 280 291 293 
534 203 260 274 300 
535 203 295 257 273 
536 203 270 281 300 
537 203 274 270 300 
538 203 287 277 303 
539 203 297 287 303 
540 203 277 284 303 
541 203 295 288 304 
542 203 288 276 305 
543 203 304 288 305 
544 203 276 293 305 
545 203 282 292 306 
546 203 292 302 306 
547 203 279 278 297 
548 203 296 286 307 
549 203 294 296 308 
550 203 296 307 308 
551 203 300 281 309 
552 203 302 300 309 
553 203 281 299 309 
554 203 291 294 310 
555 203 295 304 283 
556 203 314 302 309 
557 203 279 297 298 
558 203 299 283 304 
559 203 212 210 266 
560 203 286 275 301 
561 203 294 308 310 
562 203 273 257 267 
563 203 282 306 284 
564 203 286 301 307 
565 203 293 291 310 
566 203 299 304 311 
567 203 301 298 312 
568 203 310 308 313 
569 203 284 306 303 
570 203 298 297 312 
571 203 307 301 312 
572 203 306 302 314 
573 203 308 307 315 
574 203 313 308 315 
575 203 307 312 315 
576 203 293 310 313 
577 203 303 306 316 
578 203 297 303 316 
579 203 306 314 316 
580 203 309 299 311 
581 203 293 313 305 
582 203 312 297 316 
